0.15180000000000016
0.19619999999999993
0.20159999999999995
0.18579999999999994
0.19559999999999972
0.18760000000000004
0.1999999999999999
0.20099999999999996
0.1956
0.20199999999999987
0.19379999999999986
0.20240000000000002
0.20139999999999997
0.1912
0.1998
0.2096000000000001
0.2049999999999998
0.20439999999999997
0.20519999999999974
0.18019999999999978
0.16880000000000003
0.19440000000000002
0.18959999999999994
0.20599999999999996
0.1916
0.20159999999999992
0.19760000000000028
0.19259999999999974
0.2047999999999997
0.1993999999999999
0.19459999999999986
0.1918
0.20160000000000006
0.1979999999999997
0.19599999999999965
0.2012
0.18679999999999974
0.15060000000000034
0.1410000000000004
0.1676000000000002
0.16240000000000002
0.17260000000000006
0.18139999999999984
0.17479999999999998
0.1793999999999999
0.19359999999999997
0.1884000000000001
0.18840000000000004
0.19099999999999995
0.19839999999999983
0.1927999999999999
0.19380000000000008
0.2004
0.1957999999999999
0.1940000000000001
0.19419999999999998
0.20639999999999983
0.19759999999999994
0.20199999999999993
0.20059999999999986
