0.19859999999999994
0.1934
0.20280000000000012
0.19299999999999992
0.19739999999999988
0.19639999999999985
0.1943999999999997
0.19779999999999992
0.19799999999999995
0.18679999999999988
0.18479999999999996
0.19339999999999985
0.2007999999999999
0.1914000000000002
0.20779999999999998
0.2084
0.19919999999999968
0.20139999999999975
0.20039999999999997
0.1914
0.19219999999999984
0.2021999999999999
0.19759999999999997
0.20580000000000018
0.20379999999999981
0.20339999999999997
0.2077999999999998
0.20539999999999986
0.19919999999999993
0.19900000000000007
0.20019999999999996
0.20179999999999995
0.19779999999999986
0.20299999999999993
0.20179999999999995
0.19279999999999997
0.2048000000000001
0.20079999999999984
0.20340000000000005
0.20659999999999998
0.20479999999999984
0.20379999999999987
0.20299999999999987
0.20399999999999982
0.19920000000000013
0.1966
0.20440000000000005
0.20099999999999998
0.2045999999999997
0.1964000000000001
0.19979999999999998
0.1956
0.20219999999999988
0.1927999999999999
0.19859999999999967
0.1978000000000001
0.20079999999999995
0.18680000000000002
0.1598000000000002
0.16060000000000038
