0.1684
0.16839999999999986
0.1604000000000001
0.16360000000000013
0.1550000000000002
0.16520000000000015
0.15920000000000012
0.15500000000000003
0.1644000000000002
0.17279999999999995
0.1770000000000001
0.1694000000000002
0.17280000000000004
0.16700000000000023
0.1618000000000003
0.1775999999999998
0.18800000000000008
0.19140000000000013
0.1907999999999999
0.17900000000000013
0.1802
0.1770000000000001
0.18419999999999995
0.19180000000000014
0.19999999999999996
0.18819999999999978
0.18699999999999997
0.18260000000000012
0.18719999999999984
0.16960000000000017
0.16400000000000028
0.18759999999999982
0.17860000000000015
0.17120000000000013
0.18220000000000003
0.19060000000000002
0.18600000000000003
0.1974
0.19579999999999972
0.18139999999999987
0.16300000000000017
0.16820000000000024
0.171
0.16580000000000017
0.16759999999999992
0.16979999999999995
0.16420000000000015
0.16940000000000027
0.16320000000000015
0.16800000000000018
0.1606000000000002
0.16080000000000003
0.16880000000000017
0.15880000000000033
0.16800000000000007
0.1636000000000002
0.16140000000000018
0.15840000000000026
0.15380000000000016
0.15360000000000001
