0.09819999999999995
0.11169999999999984
0.10639999999999984
0.10799999999999994
0.10859999999999996
0.12
0.12799999999999995
0.0901
0.08380000000000001
0.08430000000000011
0.08350000000000005
0.08649999999999997
0.09069999999999996
0.08440000000000011
0.08529999999999985
0.0872
0.08400000000000006
0.08589999999999998
0.08000000000000002
0.08289999999999988
0.08249999999999995
0.08060000000000002
0.08779999999999996
0.08140000000000004
0.08599999999999998
0.08689999999999992
0.0803000000000001
0.0839
0.08139999999999997
0.08719999999999997
0.07920000000000005
0.08410000000000005
0.08570000000000003
0.0867
0.08339999999999999
0.08839999999999999
0.0844
0.08369999999999998
0.08609999999999998
0.08080000000000005
0.07950000000000013
0.08359999999999994
0.08410000000000009
0.08400000000000002
0.08429999999999996
0.08700000000000002
0.08160000000000003
0.0854
0.09249999999999996
0.08760000000000008
0.08619999999999993
0.09079999999999998
0.08779999999999998
0.08639999999999996
0.08510000000000001
0.08090000000000007
0.08379999999999999
0.08289999999999993
0.08220000000000004
0.08459999999999998
