0.08269999999999991
0.08409999999999998
0.08859999999999993
0.0859999999999999
0.08579999999999992
0.08519999999999987
0.08690000000000014
0.08460000000000002
0.0845000000000001
0.08650000000000004
0.08480000000000004
0.0845
0.08109999999999999
0.0828
0.08360000000000004
0.08460000000000005
0.08160000000000005
0.08439999999999999
0.08530000000000001
0.07940000000000014
0.08540000000000005
0.09609999999999995
0.09129999999999992
0.08449999999999996
0.08710000000000002
0.08630000000000007
0.09719999999999991
0.08999999999999998
0.09569999999999988
0.0873000000000001
0.09259999999999992
0.08590000000000002
0.08790000000000006
0.09769999999999998
0.08950000000000002
0.08819999999999997
0.08579999999999997
0.08769999999999999
0.08759999999999998
0.08730000000000006
0.08630000000000002
0.08879999999999993
0.08739999999999995
0.09219999999999996
0.08599999999999997
0.0871
0.07990000000000003
0.08609999999999993
0.08690000000000005
0.0939999999999999
0.09209999999999997
0.09179999999999995
0.09079999999999985
0.09189999999999995
0.09449999999999997
0.08380000000000004
0.08550000000000003
0.09070000000000002
0.08799999999999995
0.08970000000000013
