0.08609999999999997
0.09239999999999995
0.08880000000000002
0.08300000000000006
0.0899
0.08569999999999994
0.08709999999999994
0.08369999999999994
0.08750000000000004
0.08310000000000002
0.08160000000000005
0.08770000000000003
0.08439999999999999
0.0887
0.08689999999999992
0.08420000000000002
0.09029999999999999
0.08939999999999994
0.08499999999999998
0.08580000000000008
0.0892
0.087
0.0817
0.08860000000000003
0.09610000000000003
0.08959999999999999
0.08969999999999999
0.09499999999999989
0.08839999999999995
0.09749999999999996
0.09239999999999994
0.09399999999999993
0.0899
0.09239999999999987
0.09290000000000001
0.09369999999999995
0.09500000000000006
0.08519999999999997
0.09290000000000002
0.09159999999999996
0.09739999999999974
0.08629999999999999
0.09389999999999983
0.09089999999999997
0.09490000000000004
0.09720000000000008
0.09299999999999987
0.09739999999999992
0.0941999999999999
0.09219999999999992
0.09210000000000003
0.09440000000000005
0.08949999999999991
0.09369999999999992
0.09450000000000001
0.09329999999999987
0.09789999999999983
0.0946
0.0939
0.08929999999999996
