0.4090000000000004
0.41766666666666674
0.4076666666666667
0.426666666666667
0.40733333333333355
0.41333333333333344
0.40233333333333327
0.39866666666666684
0.4016666666666665
0.4193333333333336
0.404
0.41033333333333355
0.40400000000000036
0.4073333333333335
0.4066666666666667
0.42333333333333334
0.4193333333333331
0.4066666666666666
0.41166666666666685
0.39666666666666706
0.39699999999999996
0.3876666666666669
0.3773333333333334
0.3859999999999998
0.37433333333333346
0.3950000000000002
0.39666666666666706
0.39599999999999996
0.3926666666666666
0.4063333333333336
0.40033333333333315
0.40766666666666684
0.41066666666666657
0.4290000000000001
0.4166666666666668
0.4290000000000003
0.4246666666666667
0.41000000000000053
0.42333333333333323
0.4216666666666669
0.4130000000000003
0.4193333333333337
0.41233333333333316
0.41266666666666674
0.4209999999999998
0.4213333333333334
0.4156666666666669
0.416666666666667
0.3916666666666665
0.3930000000000004
0.37900000000000006
0.41300000000000003
0.4213333333333333
0.4186666666666669
0.4093333333333336
0.42933333333333323
0.4223333333333336
0.38166666666666704
0.3966666666666666
0.3833333333333332
