0.6073333333333331
0.5953333333333333
0.6103333333333338
0.6020000000000002
0.5856666666666667
0.6066666666666667
0.5953333333333328
0.5973333333333327
0.6046666666666664
0.6073333333333334
0.6130000000000007
0.6043333333333335
0.5959999999999996
0.6196666666666667
0.6216666666666679
0.6109999999999997
0.6346666666666662
0.6130000000000004
0.5970000000000002
0.5970000000000008
0.5926666666666666
0.5683333333333335
0.557333333333333
0.5370000000000004
0.5573333333333332
0.5709999999999996
0.566333333333333
0.5853333333333326
0.5619999999999996
0.5773333333333335
0.5183333333333339
0.5310000000000002
0.5410000000000004
0.5120000000000005
0.5086666666666662
0.5176666666666669
0.5256666666666665
0.5136666666666668
0.5093333333333332
0.5129999999999995
0.5119999999999997
0.5146666666666665
0.5003333333333334
0.48499999999999993
0.49966666666666654
0.5176666666666666
0.5033333333333336
0.5013333333333333
0.5116666666666666
0.5023333333333335
0.499
0.4903333333333338
0.47700000000000065
0.49433333333333374
0.487
0.49400000000000005
0.4573333333333334
0.46800000000000025
0.4606666666666669
0.44666666666666716
