0.21033333333333368
0.25399999999999995
0.3219999999999999
0.33033333333333365
0.3823333333333335
0.36366666666666647
0.3883333333333332
0.38533333333333364
0.4096666666666668
0.4106666666666669
0.4313333333333329
0.4123333333333337
0.4246666666666671
0.4269999999999999
0.46100000000000024
0.48100000000000026
0.4753333333333332
0.4973333333333335
0.49633333333333346
0.4940000000000001
0.5256666666666666
0.5206666666666666
0.5139999999999997
0.5313333333333328
0.532
0.5266666666666663
0.5669999999999998
0.5406666666666661
0.5573333333333332
0.553
0.5703333333333336
0.5516666666666664
0.5530000000000003
0.582333333333333
0.5569999999999999
0.5643333333333332
0.5719999999999998
0.5726666666666663
0.5520000000000005
0.5929999999999999
0.593666666666667
0.5793333333333327
0.573
0.6120000000000007
0.587333333333333
0.605000000000001
0.589333333333333
0.598666666666667
0.5696666666666661
0.5909999999999995
0.588
0.6093333333333333
0.6039999999999999
0.6006666666666669
0.5953333333333335
0.5923333333333328
0.6006666666666665
0.6179999999999998
0.6200000000000001
0.6233333333333335
